At time 1728567087.439056272
- Translation: [0.000, 0.000, 0.000]
- Rotation: in Quaternion [0.000, 0.000, -0.548, 0.836]
- Rotation: in RPY (radian) [0.000, 0.000, -1.160]
- Rotation: in RPY (degree) [0.000, 0.000, -66.465]
- Matrix:
  0.399  0.917  0.000  0.000
 -0.917  0.399 -0.000  0.000
 -0.000  0.000  1.000  0.000
  0.000  0.000  0.000  1.000
At time 1728567088.445191130
- Translation: [0.000, 0.000, 0.000]
- Rotation: in Quaternion [0.000, 0.000, -0.548, 0.836]
- Rotation: in RPY (radian) [0.000, 0.000, -1.160]
- Rotation: in RPY (degree) [0.000, 0.000, -66.465]
- Matrix:
  0.399  0.917  0.000  0.000
 -0.917  0.399 -0.000  0.000
 -0.000  0.000  1.000  0.000
  0.000  0.000  0.000  1.000
At time 1728567089.438405894
- Translation: [0.856, -0.036, 0.000]
- Rotation: in Quaternion [0.000, 0.000, -0.021, 1.000]
- Rotation: in RPY (radian) [0.000, 0.000, -0.042]
- Rotation: in RPY (degree) [0.000, 0.000, -2.410]
- Matrix:
  0.999  0.042  0.000  0.856
 -0.042  0.999 -0.000 -0.036
 -0.000  0.000  1.000  0.000
  0.000  0.000  0.000  1.000
At time 1728567090.446659758
- Translation: [1.886, 0.399, 0.000]
- Rotation: in Quaternion [0.000, 0.000, 0.269, 0.963]
- Rotation: in RPY (radian) [0.000, -0.000, 0.545]
- Rotation: in RPY (degree) [0.000, -0.000, 31.225]
- Matrix:
  0.855 -0.518  0.000  1.886
  0.518  0.855  0.000  0.399
  0.000  0.000  1.000  0.000
  0.000  0.000  0.000  1.000
At time 1728567091.438489094
- Translation: [2.195, 1.156, 0.000]
- Rotation: in Quaternion [0.000, 0.000, 0.399, 0.917]
- Rotation: in RPY (radian) [0.000, -0.000, 0.821]
- Rotation: in RPY (degree) [0.000, -0.000, 47.067]
- Matrix:
  0.681 -0.732  0.000  2.195
  0.732  0.681  0.000  1.156
  0.000  0.000  1.000  0.000
  0.000  0.000  0.000  1.000
At time 1728567092.446801704
- Translation: [2.880, 0.838, 0.000]
- Rotation: in Quaternion [0.000, 0.000, 0.027, 1.000]
- Rotation: in RPY (radian) [0.000, -0.000, 0.054]
- Rotation: in RPY (degree) [0.000, -0.000, 3.107]
- Matrix:
  0.999 -0.054  0.000  2.880
  0.054  0.999  0.000  0.838
  0.000  0.000  1.000  0.000
  0.000  0.000  0.000  1.000
At time 1728567093.439276484
- Translation: [1.701, -0.259, 0.000]
- Rotation: in Quaternion [0.000, 0.000, -0.769, 0.640]
- Rotation: in RPY (radian) [0.000, 0.000, -1.753]
- Rotation: in RPY (degree) [0.000, 0.000, -100.451]
- Matrix:
 -0.181  0.983  0.000  1.701
 -0.983 -0.181 -0.000 -0.259
 -0.000  0.000  1.000  0.000
  0.000  0.000  0.000  1.000
At time 1728567094.446637724
- Translation: [1.089, -1.550, 0.000]
- Rotation: in Quaternion [0.000, 0.000, -0.754, 0.657]
- Rotation: in RPY (radian) [0.000, 0.000, -1.707]
- Rotation: in RPY (degree) [0.000, 0.000, -97.812]
- Matrix:
 -0.136  0.991  0.000  1.089
 -0.991 -0.136 -0.000 -1.550
 -0.000  0.000  1.000  0.000
  0.000  0.000  0.000  1.000
At time 1728567095.438490625
- Translation: [1.703, -1.430, 0.000]
- Rotation: in Quaternion [0.000, 0.000, -0.665, 0.747]
- Rotation: in RPY (radian) [0.000, 0.000, -1.455]
- Rotation: in RPY (degree) [0.000, 0.000, -83.374]
- Matrix:
  0.115  0.993  0.000  1.703
 -0.993  0.115 -0.000 -1.430
 -0.000  0.000  1.000  0.000
  0.000  0.000  0.000  1.000
At time 1728567096.446342561
- Translation: [1.641, -1.186, 0.000]
- Rotation: in Quaternion [0.000, 0.000, -0.762, 0.648]
- Rotation: in RPY (radian) [0.000, 0.000, -1.731]
- Rotation: in RPY (degree) [0.000, 0.000, -99.207]
- Matrix:
 -0.160  0.987  0.000  1.641
 -0.987 -0.160 -0.000 -1.186
 -0.000  0.000  1.000  0.000
  0.000  0.000  0.000  1.000
At time 1728567097.438425047
- Translation: [1.505, -1.422, 0.000]
- Rotation: in Quaternion [0.000, 0.000, -0.762, 0.647]
- Rotation: in RPY (radian) [0.000, 0.000, -1.734]
- Rotation: in RPY (degree) [0.000, 0.000, -99.348]
- Matrix:
 -0.162  0.987  0.000  1.505
 -0.987 -0.162 -0.000 -1.422
 -0.000  0.000  1.000  0.000
  0.000  0.000  0.000  1.000
At time 1728567098.446917760
- Translation: [2.251, -1.755, 0.000]
- Rotation: in Quaternion [0.000, 0.000, -0.430, 0.903]
- Rotation: in RPY (radian) [0.000, 0.000, -0.889]
- Rotation: in RPY (degree) [0.000, 0.000, -50.915]
- Matrix:
  0.630  0.776  0.000  2.251
 -0.776  0.630 -0.000 -1.755
 -0.000  0.000  1.000  0.000
  0.000  0.000  0.000  1.000
At time 1728567099.438896960
- Translation: [1.715, -0.495, 0.000]
- Rotation: in Quaternion [0.000, 0.000, -0.149, 0.989]
- Rotation: in RPY (radian) [0.000, 0.000, -0.299]
- Rotation: in RPY (degree) [0.000, 0.000, -17.136]
- Matrix:
  0.956  0.295  0.000  1.715
 -0.295  0.956 -0.000 -0.495
 -0.000  0.000  1.000  0.000
  0.000  0.000  0.000  1.000
At time 1728567100.446284612
- Translation: [0.896, -0.118, 0.000]
- Rotation: in Quaternion [0.000, 0.000, -0.008, 1.000]
- Rotation: in RPY (radian) [0.000, 0.000, -0.016]
- Rotation: in RPY (degree) [0.000, 0.000, -0.924]
- Matrix:
  1.000  0.016  0.000  0.896
 -0.016  1.000 -0.000 -0.118
 -0.000  0.000  1.000  0.000
  0.000  0.000  0.000  1.000
At time 1728567101.438703639
- Translation: [0.452, -0.029, 0.000]
- Rotation: in Quaternion [0.000, 0.000, 0.058, 0.998]
- Rotation: in RPY (radian) [0.000, -0.000, 0.115]
- Rotation: in RPY (degree) [0.000, -0.000, 6.610]
- Matrix:
  0.993 -0.115  0.000  0.452
  0.115  0.993  0.000 -0.029
  0.000  0.000  1.000  0.000
  0.000  0.000  0.000  1.000
At time 1728567102.446697488
- Translation: [0.224, -0.007, 0.000]
- Rotation: in Quaternion [0.000, 0.000, 0.089, 0.996]
- Rotation: in RPY (radian) [0.000, -0.000, 0.179]
- Rotation: in RPY (degree) [0.000, -0.000, 10.267]
- Matrix:
  0.984 -0.178  0.000  0.224
  0.178  0.984  0.000 -0.007
  0.000  0.000  1.000  0.000
  0.000  0.000  0.000  1.000
At time 1728567103.438283967
- Translation: [0.112, -0.002, 0.000]
- Rotation: in Quaternion [0.000, 0.000, 0.105, 0.994]
- Rotation: in RPY (radian) [0.000, -0.000, 0.210]
- Rotation: in RPY (degree) [0.000, -0.000, 12.025]
- Matrix:
  0.978 -0.208  0.000  0.112
  0.208  0.978  0.000 -0.002
  0.000  0.000  1.000  0.000
  0.000  0.000  0.000  1.000
